#('D = ', [-0.11788910460586303, 0.07906638437163346, 0.0028807677733456217, -0.00980558452834475, 0.0])
#('K = ', [661.511384298766, 0.0, 231.3774910242388, 0.0, 661.0036009153974, 300.51167114139884, 0.0, 0.0, 1.0])
#('R = ', [1.0, 0.0, 0.0, 0.0, 1.0, 0.0, 0.0, 0.0, 1.0])
#('P = ', [636.0639038085938, 0.0, 223.14576166973347, 0.0, 0.0, 648.0835571289062, 302.1413404715058, 0.0, 0.0, 0.0, 1.0, 0.0])
# oST version 5.0 parameters

[image]

width
640

height
480

[narrow_stereo]

camera matrix
661.511384 0.000000 231.377491
0.000000 661.003601 300.511671
0.000000 0.000000 1.000000

distortion
-0.117889 0.079066 0.002881 -0.009806 0.000000

rectification
1.000000 0.000000 0.000000
0.000000 1.000000 0.000000
0.000000 0.000000 1.000000

projection
636.063904 0.000000 223.145762 0.000000
0.000000 648.083557 302.141340 0.000000
0.000000 0.000000 1.000000 0.000000
