image_width: 640
image_height: 480
camera_name: narrow_stereo
camera_matrix:
  rows: 3
  cols: 3
  data: [661.511384, 0, 231.377491, 0, 661.003601, 300.511671, 0, 0, 1]
distortion_model: plumb_bob
distortion_coefficients:
  rows: 1
  cols: 5
  data: [-0.117889, 0.079066, 0.002881, -0.009806, 0]
rectification_matrix:
  rows: 3
  cols: 3
  data: [1, 0, 0, 0, 1, 0, 0, 0, 1]
projection_matrix:
  rows: 3
  cols: 4
  data: [636.063904, 0, 223.145762, 0, 0, 648.083557, 302.14134, 0, 0, 0, 1, 0]